00001000000100000000000000001111
00100000000000010000000000001100
00000011101000011110100000100010
10101111101010010000000000001000
10101111101010000000000000000100
10101111101100000000000000000000
00000000100001010100000000100000
00000000110001110100100000100000
00000001000010011000000000100010
00000010000000000001000000100000
10001111101100000000000000000000
10001111101010000000000000000100
10001111101010010000000000001000
00100011101111010000000000001100
00000011111000000000000000001000
00100000000010010000000000000001
00100000000010000000000000000010
00100000000100000000000000000011
00100000000001000000000000000100
00100000000001010000000000000011
00100000000001100000000000000010
00100000000001110000000000000001
00001100000100000000000000000001
00000000000000000000000000000000
